9788839564375
9788849428872
9788849425055
9788809889880
9788851159399
9788839303882
9788839535382
9788849423600
9788869108921
9788826822617
9788869177545
9788869177064
9788847242647
9788869176111
9788894932201
9788805079667
9788849469639
9788869176272
9788847239715
9788847239616
9788869176289
9788847235298
9788864322407
9788839304377
9788869646676
9788853023049
9788864322292
9788849425482
9788808930347
9788808799845
9788839303998
9788897827108
9788824778848
9788869175916
9791221600841
9788857793320
9788869173943
9788839529428
9788869105456
9788869106316
9791254550489
9788824778695
9788874857890
9788800363815
9788829865390
9791254550472
9791255811114
9788810983287
9788842417040
9788849422740
9788829850075
9788849423365
9788800363693
9788839564436
9788869175893
9791221600957
9788846844095
9788869106293
9788829853632
9788842654650
9788869107320
9788882442583
9788864322711
9788869177088
9788851159009
9788849427608
9788839304292
9788869646256
9788898162284
9788805078196
9788849423693
9788864322650
9788864322742
9788839536709
9788894932096
9788805078202
9788894932195
9788839564078
9788823433922
9788839534934
9788864322377
9788869174865
9788853635358
9788823433892
9788849421583
9788800365499
9788869178016
9788805079285
9788869175985
9788829859108
9788839566089
9788808755117
9788808894823
9788849425895
9788849425079
9788808804013
9788891596222
9788849425086
9788808448620
9788849425451
9788869646348
9788839566065
9788808454249
9788808899798
9788808731272
9791221600179
9788805081066
9788858356111
9788835054894
9788857794358
9788869175909
9788869174773
9788891561640
9788891558343
9788857790916
9788800347686
9788805078417
9788841651582
9788869175978
9788838342455
9788841651445
9788829861644
9788869108969
9788893247436
9788893244329
9788808821102
9788891565488
9788891590794
9788838342462
9788829866564
9791220406895
9788891565457
9788891545947
9788891565440
9788830230002
9791255290018
9788869178030
9788858356104
AIE005
9788805076956
9788853022080
9788891565983
9788835056454
9788857793795
9788869170898
9788841651261
9788891545688
9788858342725
9788808720153
9791255312147
9788853018632
9791221602210
9788805078653
9788841652688
9788805078158
9788868896973
9788869175992
9788805078141
9788861617841
9788805078325
9788809957800
9788857792439
9788891424686
9788861619395
9788809962996
9788829844272
9788826824857
9788869106354
9788869108594
9788807593635
9788848003582
9788808651983
9788848000833
9788869105296
9791220419307
9791220428279
9788826822624
9791220419345
9791220422628
9788824755726
9791220423960
9788847230439
9791220412933
9788849430875
9788809962941
9788842655794
9788808966605
9788842655930
9791220414760
9788839563828
9791220408158
9788896281185
9788828601838
9788847232341
9788800360043
9788891573315
9788846834782
9788891597038
9791254557075
9788869177736
9788808467386
9788839304612
9788869646690
9788869646010
9788839304339
9788857792781
9788869646669
9788808712400
9788869176005
9788839564405
9788808520227
9788839303813
9788869175244
9788853019882
9788869107252
9788869107313
9788808929143
9788869645983
9788849430554
9788869178009
9788808708748
9788826822747
9788851158996
9788839305923
9788869177293
9788808861689
9788851146351
9788891921178
9788849468748
9788851159382
9788826824017
9788897827115
9788808969552
9788853019899
9788869107283
9788839304520
9788858857106
9788849495065
9788826822648
9788805080007
9788808941398
9788839304711
9788826821948
9788805077229
9788826821641
9788869173066
9788824751834
9791220403771
9788824710688
9788851177454
9788838344930
9791220419383
9788809933255
9788824750714
9788847248342
9788864321738
9788829850631
9788824744539
9788828610199
9788829860081
9788849846706
9788838351105
9788800347709
9788891561633
9788805078332
9788869175114
9788849422504
9788869108426
9788882442569
9788829866946
9791220422451
9788809921870
9788882442514
9788882442392
9788829861606
9788805079216
9791220405225
9788809921863
9788826822693
9788824778763
9788839528285
9788839564450
9788850711208
9788850717156
9788872075562
9790041321295
9790215901124
9790215902510
9788847233409
9788839566577
9788869646027
9788869105128
9790041801049
9790215900660
9788847233416
9788869170881
9788808503183
9788896884508
9788882441654
9788891921161
9788849428759
9788847221659
9788847222038
9788838344961
9788887655353
9788826824376
9788839304704
9791221602838
9788882440237
9788857795270
9788882440992
9788882442620
9788864320519
9788807923876
9788824772969
9788883321788
9788838333583
9788823430907
9788882440879
9788882440961
9788883750120
9788891921840
9788839535337
9788869106675
9788861618701
9788808492043
9788839303585
9788805076475
9788839511980
9788883397004
9788899279998
9788808420503
9788823374386
9788839539236
9788839537515
9788808938961
9788839303530
9788868898083
9788808537362
9788808278647
9788808899835
9788828626237
9788808399724
9788826824468
9788826824482
9788862890885
9788808632180
9788893790642
9788857792712
9788839304025
9788824778428
9780194130318
9788808627940
9788808742469
9788863085556
9788863085617
9788874856268
9788826824475
9781380048325
9788808220738
9788824763189
9788826824505
9788805079919
9780194130516
9788826815367
9788863084795
9781009201872
9780194158695
9788826824512
9788826820415
9788808917034
9791220404730
9788839307507
9788852810749
9788808390356
9788899673406
9791220400978
9788800357494
9788808645111
9788808499813
9788853629401
9788839303394
9788863085495
9788839307118
9788863081756
9788808539793
9788895225524
9788858336236
9791220401012
9788820346744
9791220403429
9788891434531
9788808455659
9788868897208
9791254550878
9781009162647
9788895611464
9788895611471
9788895611693
9781009090087
9781009162685
9781009301428
9788849424355
9788849424362
9788849424379
9788849424386
9788808327376
9788808878212
9788839303967
9788839303677
9788808599216
9788868896348
9788869646171
9788849423631
9788809981874
9788842120131
9788849422405
9788849422436
9788869645587
9788808403650
9780194526197
9788853021267
9788869645891
9788869645914
9788839537126
9791254550816
9788808076670
9788808411891
9788869649400
9781009031943
9781009090094
9788849424393
9788849424409
9788849424416
9788823374379
9788849422580
9788868896379
9788868896386
9788809920194
9788808111043
9788823374645
9788808299925
9780194526944
9788849422412
9788828623564
9788869645907
9788869645938
9788808520142
9788842057505
9788848266628
9781009091169
9781350003804
9788849424423
9788849424430
9788849424447
9781108936767
9788891921956
9788884961419
9788808620156
9788853022219
9788800366663
9788823374652
9788800366533
9788839538024
9780194506915
9788858342800
9788808999542
9780194435895
9788808445742
9788823358911
9788858337806
9788808947048
9788853021113
9788851158736
9788849424454
9788849424461
9780194564489
9788823358904
9781009088763
9788808928986
9788868896966
9788820372378
9788846844408
9788808820914
9788857730301
9788868895280
9788824487238
9788805070640
9788800360937
9788839533425
9788891412812
9788820395070
9788849422825
9788846841070
9788853634450
9788893796637
9788808999757
9788849422801
9788893798327
9788869102936
9788893797627
9788893797641
9788893798228
9788836019243
9788839302151
9788800363464
9788893791755
9788820397463
9791255810759
9788839538260
9788839304353
9788808356185
9791255810742
9788839563972
9788839567857
9788883394485
9788808452399
9788808920256
9791254550106
9788839563958
9788828626879
9788808218926
9788808833457
9788839564382
9788831466561
9788800363020
9788808299888
9788805077205
9788808499875
9788883394492
9788831466158
9788808490575
9788839564115
9788808820129
9788808561534
9788808820877
9788849418637
9788861615991
9788853020758
9788853022912
9781009091176
9788839567482
9788849424041
9788808620330
9788808554369
9791255810780
9788839566706
9788839566683
9788839304261
9788849420944
9788839536259
9788883395994
9788849424706
9788839303226
9788858348109
9788868898823
9788893791564
9788849424027
9788839303790
9788808521125
9788857790848
9788809848276
9788839303769
9788809848290
9788857720623
3277450343200
9788839304285
9788851158507
9781108828802
9788809892880
9788863649970
9788838344084
9788891921888
9788891916914
AIE7
AIE4
AIE5
AIE6
AIE9
AIE12
9788849422146
9788808401663
9788839304087
9788800363082
9788839564542
9788839529510
9788836008599
AIE31
9788884960825
9788861617674
9788883394843
9788895611242
9788839537447
9788808899644
9788808799890
9788820347048
9788820395124
9788839303486
9788808428455
9788895611068
9788883396236
9788808721150
9788836013173
9788853015990
9781108648080
9788858324806
9788820343217
9788805080601
9788869107726
9788866921233
9788807593031
9788858345245
9788808912473
9788828625377
9788808899880
9788808449375
9788800371292
9788883395086
9788826820408
9788800500036
9788839529312
9788824796125
9788829206438
9788809981980
9788809886346
9788808220233
9788828624318
9788828627807
9788831673396
9788858307908
9788805077212
9788808899941
9780194526869
9788883395093
9788808199157
9791220404693
9788869104084
9788826819914
9788809986084
9788808489517
9788826816586
9788875274559
9788839526441
9788862891288
9788808565792
9788808955739
9788800354424
9788876656545
9788824796316
9788805078721
9788841642757
9788808552440
9788841643556
9788899212056
9788808720672
9788891440822
9788809949850
9788808350145
9788899673178
9788824777155
9788800354462
9780194658966
9788820136581
9788830226890
9788841651544
9788884884121
9788823104242
9780194810319
9788826820422
9788824796354
9788858329559
9788809912243
9788874851898
9788826823713
9788808799869
9788869105210
9788808322432
9788828626312
9788828626121
9788883396007
9788809965126
9788809933262
9788839304131
9788808399885
9788869108617
9788893798280
9788858351802
9788836016150
9791221600674
9788830218604
9788808920577
9788823374393
9788808324078
9788824750011
9788822191762
9788842417767
9788809933293
9788839303714
9788805073207
9788869109287
9788839535344
9788883396717
9788893794466
9788893790581
9788893790550
9791255313236
9781108565400
9788868896959
9788836009206
9788808832498
9788843420728
9788883396762
9788808399687
9788893798235
9788841652350
9788893794497
9788836008919
9781009333672
9788808812568
9788808520920
9788857790770
9781108647816
9788808720160
9788805077069
9788820378530
9788820378547
9788808862129
9788808948564
9788808562357
9788899279790
9788826823706
9788808991683
9788823359420
9788808199881
9788864262017
9788808414496
9788839302809
9788853633293
9788826821139
9788808366061
9788824765206
9788839562821
9788883394508
9788808913678
9788842403265
9788884961389
9788810983249
9788839562845
9788861618855
9788883395963
9788808253989
9788808422347
9780194064705
9788883394737
9788805075492
9788808920171
9780194064743
9781009332804
9788858343036
9788893794442
9788893796644
9788842117230
9788807593123
9788839304643
9788891921963
9791254550809
9788839537164
AIE006
9788824796446
9781009332798
9788808573407
9788824769655
9781107480568
9788851160340
9788839303912
9788824796569
9788839303608
9788824769693
9788858337202
9791220410342
9788839305947
9788857794099
9788809921887
9788848266185
9780194606820
9788891916907
9788808092083
9780194606851
9788848266246
9788808345035
9788842431381
9788808699541
9788881040353
9788839307347
9788848260435
9780194606882
9788869106682
9788828624387
9788808832009
9788841882962
9788839304698
9788839303943
9788829864331
9788895611600
9788895611358
9788883395185
9788839307750
9788839307255
9788851119508
9788829864324
9788839305985
9788883395192
9788828623595
9788828624370
9788839305749
9788805076321
9788805254965
9788808730763
9788829864379
9788841891131
9788883395567
9788829864362
9788800366540
9788824741675
9788829864416
9788808493453
9788824742573
9788808457479
9788807594625
9788809965201
9788809965096
9788826894560
9788824763196
9788858344231
9788893790536
9788809965102
9780194130646
9788808223753
9780194130707
9791220406482
9788809912526
9788808548887
9788808290090
9788808899873
9788836018154
9788808599223
9788808920188
9788808374646
9788808328991
9788841652633
9788839304094
9788808408594
9788808735027
9788895611297
9788824756624
9788808269522
9788883395338
9781380006882
9788869107160
9788808161994
9788841642764
9788808431783
9788808469960
9788849420883
9788869647406
9788869104046
9788863648911
9788805075867
9788826824888
9788848266505
9788869104633
9788893790109
9788836003488
9788893792028
9791221600780
9788853640307
9788863648928
9780194526449
9788883613449
9788869107689
9788838328992
9788883613609
9788883614088
9788820383640
9788874855698
9788820376628
9788805256129
9788820367411
9788848258821
9788883613456
9788848262972
9788808420343
9788808851048
9788820394721
9788808820334
9788822196682
9788858355121
9791220402354
9788823360396
9788823360365
9788823378773
9788824786607
9788858340608
9788823360372
9788826821085
9788883613524
9788851907143
9788858330418
9788826823362
9788808921215
9788843423958
9788808299383
9791220428156
9788884960689
9788808299932
9788808155313
9788808620569
9788849427141
9791254551455
9788883396748
9791255312253
9788829214099
9788820395360
9788849424669
9788883614286
9788839305893
9788849423679
9788869646225
9788883613418
9788820366421
9788839567932
9788836012251
9788883613883
9788883613944
9788869107719
9788824787949
9788824704441
9788851187460
9788893798488
9788823375512
9788891918444
9788851187477
9788881048472
9788883612381
9788883613159
9788883612787
9788836015542
9788883614262
9788805070800
9788858340202
9788884330956
9788861618756
9788836006335
9788884884848
9788808603852
9788809966772
9788800365161
9788808561848
9788809966741
9788857737782
9788808504975
9788808656995
9788808799654
9788823378162
9788858346303
9788820389765
9788848264549
9788861604278
9788861618008
9788857794082
9788853644282
9788891915191
9788853640475
9788884883827
9788808373618
9788809890817
9788808651082
9788857792644
9788826820170
9788808520340
9788884884305
9788836015344
9788853640840
9788874858545
9788861604636
9788894988666
9788808299680
9788836004515
9788861616967
9788849421965
9788800352307
9788820380205
9788829861439
9788824740999
9788808188434
9788829847174
9788808337009
9788842673828
9788836018444
9788823106857
9788853022332
9788808199706
9788839526953
9788891439680
9788820389024
9788853020697
9788853633194
9788891429131
9788853629616
9788836008049
9788861604711
9788861603745
9788844121204
9788820366476
9788808264008
9788808599469
9788853640314
9788828628958
9788828629030
9788858344446
9788824776226
9788820389710
9788808799494
9788824787765
9788824788205
9788848267137
9788852810138
9788836013654
9788805077441
9788824792561
9788824786836
9788808620231
9788823433854
9791220414708
9788808543837
9788836003341
9788836012497
9788836015566
9788820356408
9788853641052
9788852811555
9788884961617
9788800363297
9788852808050
9788853629630
9788820388652
9788824791106
9788820388928
9788823430471
9788823365957
9791220406833
9788808999894
9788808757418
9788808721068
9788823430754
9788869108501
9788853022325
9788830218918
9788858354704
9791220406758
9791220406673
9788848264662
9788861603875
9788836012442
9791220406796
9788808820952
9788823107984
9791220406710
9788836012213
9788836015610
9788858334003
9788838329852
9788848266451
9788808599865
9788853641120
9788836014088
9788884884428
9788836015337
9788808840202
9788829858972
9788810614297
9788820394738
9788848261227
9788808599940
9788836011704
9788823378605
9788824795845
9788830226043
9788884885067
9791220405157
9788823373938
9788820388706
9788853640994
9788823378612
9788820378691
9788884884145
9788884884244
9788829852987
9788884884602
9788839529961
9788808151711
9788836003808
9781316609200
9788839519313
9788805073658
9788869105234
9788863649604
9788836012619
9788863084801
9788868898250
9788826815374
9788857739991
9788858331408
9788836011964
9788836012008
9788857800868
9788883395970
9788863649611
9788868896942
9788852810800
9788889628522
9788839539243
9788820366230
9788805070985
9788889628393
9788883396281
9788808501851
9788808389398
9788869646607
9788881049202
9788808520487
9788853035066
9788808499684
9788858352809
9788853019646
9788808302502
9788808202734
9788853020819
9788836003853
9788808202499
9788808063694
9788808699947
9788808299376
9788849424720
9788808820570
9788808566065
9788808843951
9788849424652
9788808349156
9788849424737
9788808720276
9788837913793
9788848264754
9788808648488
9788844121914
9788848265973
9788849420524
9788808221001
9788808399786
9788837914790
9788837913854
9788808553409
9788808778826
9788837914332
9788852900624
9791255314820
9788836018536
9791220413527
9788826823034
9788869107702
9788826823973
9791255314776
9791220413572
9788805076703
9788805075003
9788839528582
9791220413633
9788826823072
9788836014989
9791220413688
9788820372644
9788805079445
9788805070794
9788820378875
9788836012459
9788808799661
9788808160577
9788820388669
9788831466240
9788808720634
9788853640321
9788820397746
9788828628842
9788839566430
9788836009190
9788839305909
9788808362254
9788853019639
9788842618638
9791221600827
9788861812352
9788823376076
9791220407601
9791220407649
9788842618652
9788861812116
9788842676423
9788838337680
9788861618879
9788824788014
9788823365292
9791255810766
9788808259226
9788853015839
9788829855216
9788849482263
9788858352007
9791254552469
9788829855117
9788824788052
9788891492548
9788836007769
9788836007776
9788857724959
9788836008315
9788861604476
9788842118268
9788828623458
9788849420869
9788824787086
9788842677147
9788836015528
9788808499493
9788808690913
9788824785259
9788835052074
9788808999696
9788861603165
9788808789907
9788820447410
9788849427240
9788808320575
9788869173738
9788808506139
9788839307811
9788849425932
9788808399847
9788808699862
9788891429230
9788497789998
9788851157906
9788808639844
9788891429223
9788849482409
9788891424785
9788808420220
9788891429391
9788899673574
9788891434784
9788808599872
9788808604477
9788808708151
9788808499721
9788808299819
9788891434555
9788891491909
9788808720122
9788808951892
9788808239198
9788884881205
9788884883582
9788883390685
9788808196378
9788808920645
9788808620514
9788808720917
9788808899323
9788808620279
9788808691774
9788844120856
9788864261522
9788808662613
9788884884565
9788808620910
9788808702326
9788884881991
9788808519375
9788808059796
9788808399717
9788893794282
9780194179560
9791220406048
9791220401906
9788863648904
9780194064613
9791220401982
9788824788144
9788826821795
9788826824765
9788836008124
9788826824772
9788836003402
9791255313427
9791254550663
9788893790673
9788861604377
9788863646191
9788836018505
9788823342095
9788893790659
9788884884282
9788829863488
9788808320537
9788820359713
9788820366452
9788808320681
9788808839428
9791255314769
9788808479778
9788808999870
9788836015085
9788810863053
9788839538192
9788836007707
9788805078530
9788820394790
9788836003280
9788820398903
9788844121983
9788820379032
9788844121228
9788844121785
9788836015382
9788808520975
9788891424730
9788864732015
9788808820679
9788808193308
9788808421197
9788808220486
9788836007745
9788861618176
9788884884381
9788884883421
9788820388812
9788808520081
9788826824789
9788884884862
9788805080595
9788805080588
9788805074723
9788848260619
9788820346607
9788808899675
9788808520272
9788836009176
9788853629593
9788848264822
9788805076741
9788836012138
9788820378493
9788890085741
9788858332306
9788875650537
9788899286095
9788836014927
9788808706966
9788849425833
9788820394684
9788805078479
9788884884640
9788829219315
9788805074990
9788820366605
9788805078950
9788836013425
9788899673697
9788891434661
9788820394882
9788820394950
9788891424792
9788891424808
9788839305916
9788842671169
9788891429117
9788891429124
9788820361242
9791220405898
9788849427158
9788823107540
9788851187316
9788836018352
9788836013395
9788829853076
9788820388591
9788851187293
9788820396671
9788891440198
9788849422443
9788844121662
9788883613241
9788884884268
9788823430747
9788844121556
9788800229050
9788884884541
9788805070541
9788836013609
9788849416626
